function lowercasename = GenerateName()


j =  [...
    0 0 0 0 0 ...
    0 0 0 0 1 ...
    0 0 0 0 0 ...
    0 0 0 0 1 ...
    0 0 0 0 1 ...
    1 0 0 0 1 ...
    0 1 1 1 0 ]';

a =  [...
    0 0 0 0 0 ...
    0 0 0 0 0 ...
    0 1 1 1 0 ...
    0 0 0 0 1 ...
    0 1 1 1 1 ...
    1 0 0 0 1 ...
    0 1 1 1 0 ]';

n =  [...
    0 0 0 0 0 ...
    0 0 0 0 0 ...
    1 0 1 1 0 ...
    1 1 0 0 1 ...
    1 0 0 0 1 ...
    1 0 0 0 1 ...
    1 0 0 0 1 ]';

e =  [...
    0 0 0 0 0 ...
    0 0 0 0 0 ...
    0 1 1 1 0 ...
    1 0 0 0 1 ...
    1 1 1 1 1 ...
    1 0 0 0 0 ...
    0 1 1 1 0 ]';

s =  [...
    0 0 0 0 0 ...
    0 0 0 0 0 ...
    0 1 1 1 1 ...
    1 0 0 0 0 ...
    0 1 1 1 0 ...
    0 0 0 0 1 ...
    1 1 1 1 0 ]';

y =  [...
    0 0 0 0 0 ...
    0 0 0 0 0 ...
    1 0 0 0 1 ...
    1 0 0 0 1 ...
    0 1 1 1 1 ...
    0 0 0 0 1 ...
    1 1 1 1 0 ]';

lowercasename = [j,a,n,e,s,y];